seconds 	point x 	point y 	point z 	position x	position y	position z	pupil diameter	flag    	

0.111   	-0.862  	-0.056  	8.611   	2.532   	2.125   	0.629   	3.288   	gaze started: StoneWallROI	
0.240   	-0.204  	-0.059  	8.541   	2.532   	2.125   	0.631   	3.589   	gaze started: CanalROI	
0.337   	-0.105  	-0.157  	8.837   	2.534   	2.125   	0.634   	3.646   	-       	
0.439   	-0.173  	-0.058  	8.559   	2.535   	2.125   	0.635   	3.639   	-       	
0.527   	-0.062  	-0.506  	10.135  	2.537   	2.125   	0.637   	3.554   	-       	
0.618   	-0.072  	-0.329  	9.833   	2.538   	2.124   	0.638   	3.300   	-       	
0.717   	-28.745 	-3.052  	128.442 	2.539   	2.124   	0.638   	3.302   	gaze fixated: CanalROI	
0.818   	-48.590 	-1.665  	122.091 	2.540   	2.124   	0.639   	3.165   	gaze ended: CanalROI	
0.906   	-2.432  	0.111   	17.805  	2.539   	2.126   	0.639   	3.003   	-       	
1.006   	-12.698 	20.924  	124.102 	2.540   	2.134   	0.642   	2.898   	-       	
1.098   	-17.540 	22.308  	122.922 	2.546   	2.145   	0.644   	2.732   	-       	
1.195   	-18.132 	22.436  	122.793 	2.552   	2.152   	0.641   	2.673   	-       	
1.293   	54.027  	18.971  	113.335 	2.560   	2.152   	0.638   	2.591   	-       	
1.385   	66.580  	11.981  	109.433 	2.572   	2.151   	0.634   	2.628   	-       	
1.476   	63.804  	11.444  	111.210 	2.581   	2.151   	0.627   	2.499   	-       	
1.586   	6.636   	1.251   	5.903   	2.587   	2.151   	0.621   	2.541   	-       	
1.686   	7.627   	1.385   	5.011   	2.948   	2.198   	1.087   	2.488   	gaze started: StoneWallROI	
1.786   	7.626   	1.422   	5.007   	2.951   	2.182   	1.028   	2.597   	gaze started: TufaROI	
1.886   	2.871   	-2.195  	-4.873  	2.796   	2.142   	0.824   	0.000   	-       	
1.985   	6.123   	0.211   	3.852   	2.601   	2.126   	0.621   	2.658   	gaze started: WellROI	
2.082   	6.683   	-1.827  	6.227   	2.607   	2.109   	0.631   	2.876   	gaze started: StoneWallROI	
2.173   	4.407   	-1.103  	6.028   	2.618   	2.098   	0.644   	2.951   	-       	
2.269   	4.410   	-1.115  	5.784   	2.634   	2.092   	0.655   	2.970   	gaze started: PebblesROI	
2.372   	3.733   	-1.144  	5.216   	2.650   	2.088   	0.665   	3.134   	-       	
2.467   	3.622   	-1.162  	4.851   	2.670   	2.084   	0.679   	3.146   	-       	
2.573   	3.708   	-1.161  	4.868   	2.691   	2.081   	0.695   	3.257   	-       	
2.667   	4.177   	0.533   	-4.108  	2.709   	2.076   	0.710   	0.000   	-       	
2.774   	4.279   	0.773   	-4.138  	2.725   	2.068   	0.724   	0.000   	gaze started: StoneWallROI	
2.876   	3.415   	-1.158  	4.946   	2.736   	2.062   	0.738   	3.345   	-       	
2.984   	3.591   	-1.161  	4.883   	2.744   	2.058   	0.748   	3.422   	gaze started: PebblesROI	
3.080   	3.405   	-1.160  	4.909   	2.750   	2.056   	0.757   	3.545   	-       	
3.183   	3.564   	-1.161  	4.874   	2.754   	2.055   	0.764   	3.614   	-       	
3.273   	3.477   	-1.164  	4.820   	2.757   	2.052   	0.767   	3.639   	-       	
3.372   	3.607   	-1.162  	4.860   	2.760   	2.051   	0.768   	3.552   	-       	
3.517   	3.711   	-1.192  	4.258   	2.762   	2.050   	0.768   	3.648   	-       	
3.604   	3.834   	-1.192  	4.245   	2.766   	2.052   	0.762   	3.663   	gaze fixated: PebblesROI	
3.706   	3.787   	-1.191  	4.279   	2.767   	2.052   	0.762   	3.675   	-       	
3.808   	3.828   	-1.191  	4.264   	2.769   	2.052   	0.759   	3.643   	-       	
3.906   	3.240   	-1.176  	4.586   	2.771   	2.053   	0.757   	3.567   	-       	
4.003   	3.441   	-1.176  	4.578   	2.774   	2.054   	0.755   	3.552   	-       	
4.095   	3.471   	-1.176  	4.574   	2.775   	2.055   	0.753   	3.528   	-       	
4.189   	3.430   	-1.181  	4.482   	2.777   	2.055   	0.751   	3.576   	-       	
4.284   	3.683   	-1.148  	5.136   	2.779   	2.055   	0.749   	3.605   	-       	
4.406   	5.056   	-1.152  	5.012   	2.568   	2.351   	0.319   	3.681   	-       	
4.497   	5.060   	-1.151  	5.027   	2.661   	2.276   	0.405   	3.746   	-       	
4.594   	2.741   	-1.140  	5.338   	2.782   	2.056   	0.742   	3.764   	-       	
4.689   	2.783   	-1.133  	5.473   	2.782   	2.056   	0.741   	3.787   	-       	
4.784   	2.814   	-1.136  	5.408   	2.782   	2.056   	0.740   	3.690   	-       	
4.881   	2.860   	-1.172  	4.676   	2.782   	2.055   	0.739   	3.502   	-       	
4.984   	2.781   	-1.427  	3.908   	2.783   	2.055   	0.739   	3.427   	-       	
5.067   	2.758   	-1.410  	3.914   	2.784   	2.056   	0.739   	3.436   	-       	
5.161   	2.315   	-1.559  	4.049   	2.786   	2.057   	0.740   	3.392   	-       	
5.251   	5.473   	1.014   	-3.322  	2.789   	2.056   	0.742   	0.000   	-       	
5.342   	5.409   	0.957   	-3.567  	2.796   	2.055   	0.746   	0.000   	gaze started: TufaROI	
5.462   	6.382   	-2.040  	6.039   	2.804   	2.052   	0.750   	3.899   	-       	
5.544   	6.467   	-1.740  	5.343   	2.821   	2.042   	0.765   	3.924   	-       	
5.650   	6.571   	-2.042  	6.000   	2.822   	2.042   	0.769   	3.955   	gaze started: StoneWallROI	
5.738   	6.515   	-2.136  	5.841   	2.826   	2.041   	0.781   	3.955   	-       	
5.840   	4.569   	-1.174  	4.593   	2.825   	2.040   	0.798   	3.892   	-       	
5.928   	3.663   	-1.160  	4.903   	2.822   	2.039   	0.818   	3.907   	gaze started: PebblesROI	
6.029   	4.161   	-1.169  	4.699   	2.814   	2.038   	0.845   	3.901   	-       	
6.117   	-0.651  	-2.338  	8.029   	2.799   	2.044   	0.869   	4.011   	-       	
6.236   	-0.104  	-1.917  	6.877   	2.781   	2.050   	0.897   	4.128   	-       	
6.385   	0.530   	-1.723  	6.588   	2.765   	2.055   	0.918   	4.075   	-       	
6.560   	0.046   	-1.771  	6.470   	2.725   	2.059   	0.966   	3.857   	-       	
6.688   	-0.840  	-2.329  	7.437   	2.700   	2.056   	0.986   	3.657   	-       	
6.789   	-0.991  	-2.377  	6.656   	2.682   	2.059   	0.996   	3.596   	-       	
6.872   	-0.985  	-2.335  	6.820   	2.680   	2.058   	0.999   	3.637   	-       	
6.956   	-1.204  	-2.376  	6.864   	2.669   	2.056   	1.006   	3.633   	-       	
7.038   	-0.966  	-2.354  	6.761   	2.661   	2.057   	1.009   	3.639   	-       	
7.129   	-0.207  	-0.946  	5.790   	2.655   	2.061   	1.011   	3.578   	-       	
7.240   	-0.186  	-0.456  	6.419   	2.653   	2.063   	1.012   	3.609   	gaze started: CanalROI	
7.338   	-0.192  	-0.227  	6.249   	2.651   	2.066   	1.015   	3.705   	-       	
7.439   	-0.149  	-0.846  	7.515   	2.652   	2.066   	1.020   	3.635   	-       	
7.536   	-0.171  	-0.529  	6.850   	2.654   	2.067   	1.025   	3.659   	-       	
7.630   	-0.191  	-0.432  	6.258   	2.657   	2.068   	1.031   	3.748   	-       	
7.729   	-0.636  	-2.455  	10.366  	2.663   	2.068   	1.041   	3.569   	gaze fixated: CanalROI	
7.830   	-0.444  	-0.160  	6.510   	2.668   	2.070   	1.054   	3.712   	gaze ended: CanalROI	
7.940   	-0.288  	-0.180  	6.103   	2.675   	2.072   	1.073   	3.677   	gaze started: CanalROI	
8.040   	-0.343  	-0.179  	6.107   	2.683   	2.075   	1.095   	3.843   	-       	
8.162   	-0.516  	-0.054  	8.652   	2.691   	2.078   	1.123   	4.022   	-       	
8.256   	-0.457  	-0.042  	8.894   	2.708   	2.084   	1.181   	3.991   	-       	
8.352   	-0.188  	-0.053  	8.658   	2.708   	2.085   	1.182   	3.883   	-       	
8.439   	-0.253  	-0.078  	8.154   	2.716   	2.088   	1.204   	3.711   	gaze fixated: CanalROI	
8.540   	-0.385  	-0.067  	8.377   	2.722   	2.089   	1.221   	3.666   	-       	
8.637   	-0.165  	-0.070  	8.308   	2.726   	2.090   	1.235   	3.604   	-       	
8.740   	-0.092  	-0.208  	9.244   	2.729   	2.091   	1.248   	3.577   	-       	
8.838   	-0.108  	-0.115  	8.750   	2.731   	2.092   	1.258   	3.552   	-       	
8.940   	-0.182  	-0.058  	8.557   	2.733   	2.092   	1.265   	3.546   	-       	
9.036   	-0.089  	-0.160  	9.305   	2.734   	2.092   	1.269   	3.600   	-       	
9.140   	-0.108  	-0.076  	8.757   	2.735   	2.092   	1.274   	3.656   	-       	
9.237   	6.147   	1.190   	-0.717  	2.736   	2.091   	1.277   	0.000   	-       	
9.341   	-1.134  	-0.005  	9.664   	2.737   	2.090   	1.280   	3.882   	gaze started: TufaROI	
9.444   	-0.924  	-0.031  	9.117   	2.740   	2.090   	1.283   	3.966   	gaze started: CanalROI	
9.540   	-0.552  	-0.025  	9.231   	2.743   	2.090   	1.287   	3.966   	-       	
9.662   	-0.805  	-0.042  	8.906   	2.746   	2.089   	1.292   	3.984   	-       	
9.763   	-0.125  	-0.046  	8.789   	2.750   	2.087   	1.299   	3.999   	-       	
9.861   	-0.448  	-0.034  	9.046   	2.749   	2.088   	1.298   	4.031   	-       	
9.962   	-0.815  	-0.043  	8.885   	2.748   	2.087   	1.301   	3.972   	gaze fixated: CanalROI	
10.074  	6.135   	1.142   	-0.759  	2.747   	2.087   	1.304   	0.000   	-       	
10.164  	-7.338  	-1.861  	12.441  	2.743   	2.089   	1.307   	3.579   	gaze started: TufaROI	
10.294  	-6.941  	-1.868  	12.645  	2.738   	2.090   	1.309   	3.791   	-       	
10.388  	-5.759  	-2.085  	11.152  	2.724   	2.097   	1.316   	3.878   	-       	
10.494  	-0.574  	-0.127  	7.183   	2.724   	2.095   	1.318   	3.899   	-       	
10.590  	-8.138  	-1.316  	7.202   	2.719   	2.096   	1.327   	3.961   	gaze started: CanalROI	
10.695  	-6.693  	-1.082  	6.892   	2.717   	2.096   	1.337   	3.865   	gaze started: WellROI	
10.794  	-7.874  	-1.316  	6.698   	2.715   	2.096   	1.348   	3.818   	-       	
10.895  	-6.018  	-0.668  	3.707   	2.713   	2.091   	1.358   	3.824   	gaze started: WellROI	
10.989  	-6.100  	-0.939  	3.813   	2.713   	2.084   	1.366   	3.702   	-       	
11.095  	-6.174  	-1.316  	4.563   	2.711   	2.084   	1.374   	3.760   	-       	
11.195  	-6.099  	-0.944  	3.883   	2.703   	2.084   	1.380   	3.876   	gaze started: WellROI	
11.296  	-6.581  	-1.316  	4.901   	2.691   	2.086   	1.388   	3.321   	-       	
11.389  	-8.784  	-0.451  	7.443   	2.677   	2.089   	1.397   	3.964   	gaze started: WellROI	
11.496  	-8.705  	-0.457  	7.460   	2.662   	2.095   	1.407   	4.012   	gaze started: StoneWallROI	
11.594  	-8.533  	-0.843  	7.399   	2.646   	2.103   	1.417   	4.064   	-       	
11.696  	-7.133  	-0.373  	6.970   	2.631   	2.109   	1.427   	4.031   	-       	
11.785  	-5.846  	-1.922  	3.745   	2.617   	2.112   	1.437   	3.862   	-       	
11.884  	-5.538  	-1.708  	4.287   	2.603   	2.113   	1.446   	3.769   	-       	
11.981  	-4.934  	-1.761  	5.075   	2.590   	2.112   	1.453   	3.471   	gaze started: WellROI	
12.084  	-7.716  	-1.316  	6.131   	2.578   	2.111   	1.458   	3.778   	-       	
12.181  	-7.702  	-1.316  	6.083   	2.567   	2.111   	1.460   	3.847   	-       	
12.284  	-6.833  	-1.316  	5.924   	2.557   	2.112   	1.462   	3.815   	-       	
12.381  	-7.389  	-1.316  	5.992   	2.547   	2.110   	1.464   	3.903   	-       	
12.484  	-5.991  	-1.875  	3.940   	2.538   	2.108   	1.467   	3.780   	-       	
12.579  	-4.983  	-1.316  	4.634   	2.526   	2.107   	1.467   	3.805   	-       	
12.673  	-4.934  	-1.379  	4.353   	2.515   	2.107   	1.465   	3.774   	gaze started: WellROI	
12.795  	-5.075  	-1.316  	4.552   	2.503   	2.108   	1.465   	3.872   	-       	
12.892  	-4.934  	-1.560  	4.502   	2.480   	2.104   	1.463   	3.944   	-       	
12.995  	-4.934  	-1.338  	4.531   	2.479   	2.105   	1.464   	4.059   	-       	
13.094  	-4.934  	-1.353  	4.296   	2.473   	2.103   	1.462   	4.045   	-       	
13.195  	-5.958  	-1.772  	4.287   	2.469   	2.099   	1.457   	4.078   	gaze fixated: WellROI	
13.287  	-5.956  	-1.858  	4.162   	2.469   	2.099   	1.453   	3.891   	-       	
13.395  	5.732   	0.908   	2.226   	2.470   	2.100   	1.453   	0.000   	gaze ended: WellROI	
13.492  	-7.847  	-0.123  	10.096  	2.470   	2.097   	1.456   	4.001   	gaze started: StoneWallROI	
13.606  	-5.541  	0.255   	8.163   	2.470   	2.096   	1.462   	4.004   	-       	
13.702  	-5.117  	0.244   	8.130   	2.469   	2.095   	1.470   	4.021   	-       	
13.797  	-7.893  	-0.237  	9.971   	2.469   	2.094   	1.484   	4.087   	-       	
13.893  	5.678   	0.988   	2.003   	2.472   	2.095   	1.501   	0.000   	gaze started: StoneWallROI	
13.995  	-0.666  	-0.119  	7.342   	2.477   	2.096   	1.519   	4.145   	-       	
14.084  	-0.569  	-0.135  	7.019   	2.484   	2.097   	1.537   	4.126   	gaze started: CanalROI	
14.184  	-0.748  	-0.147  	6.773   	2.491   	2.098   	1.550   	4.076   	-       	
14.281  	-0.568  	-0.159  	6.524   	2.495   	2.098   	1.558   	4.084   	-       	
14.383  	-1.010  	-0.134  	7.048   	2.501   	2.100   	1.565   	3.945   	-       	
14.480  	-5.709  	-1.985  	12.363  	2.504   	2.102   	1.567   	3.804   	-       	
14.584  	-6.116  	-2.000  	11.970  	2.507   	2.102   	1.569   	3.758   	-       	
14.678  	-5.571  	-2.106  	11.672  	2.508   	2.103   	1.570   	3.602   	-       	
14.784  	-5.966  	-1.968  	11.968  	2.507   	2.103   	1.571   	3.585   	-       	
14.880  	-0.153  	-0.618  	7.415   	2.503   	2.103   	1.575   	3.433   	-       	
14.984  	-5.049  	-1.044  	7.298   	2.498   	2.101   	1.584   	3.732   	gaze started: CanalROI	
15.084  	-4.934  	-1.450  	7.449   	2.493   	2.100   	1.597   	3.775   	-       	
15.184  	-5.106  	-1.297  	7.096   	2.485   	2.099   	1.613   	3.863   	gaze started: WellROI	
15.282  	-6.421  	-1.409  	3.125   	2.474   	2.099   	1.634   	3.838   	-       	
15.383  	-4.934  	-1.369  	4.468   	2.461   	2.099   	1.662   	4.034   	-       	
15.473  	-4.934  	-1.446  	4.338   	2.450   	2.101   	1.690   	4.020   	gaze started: WellROI	
15.584  	-5.341  	-1.316  	4.782   	2.440   	2.104   	1.717   	4.020   	-       	
15.678  	-4.934  	-1.398  	4.508   	2.440   	2.104   	1.717   	4.002   	-       	
15.772  	-7.323  	-1.469  	1.122   	2.424   	2.107   	1.763   	4.104   	-       	
15.866  	-11.264 	-2.940  	1.109   	2.419   	2.106   	1.779   	4.143   	-       	
15.961  	-11.100 	-3.566  	1.629   	2.419   	2.105   	1.788   	4.124   	-       	
16.059  	-7.486  	-1.254  	0.017   	2.420   	2.107   	1.795   	4.136   	-       	
16.162  	-7.422  	-1.182  	0.453   	2.421   	2.108   	1.799   	4.089   	gaze started: WellROI	
16.257  	-7.709  	-1.014  	-1.487  	2.423   	2.108   	1.804   	4.227   	-       	
16.351  	-11.744 	-3.334  	-1.737  	2.425   	2.108   	1.807   	3.506   	-       	
16.448  	-11.431 	-3.130  	-0.411  	2.428   	2.109   	1.809   	4.046   	-       	
16.573  	-7.393  	-1.394  	0.648   	2.429   	2.107   	1.811   	4.017   	-       	
16.670  	-7.900  	-1.064  	-2.785  	2.431   	2.100   	1.816   	4.027   	gaze started: WellROI	
16.772  	-9.353  	-0.823  	-2.637  	2.431   	2.099   	1.814   	4.145   	-       	
16.864  	-9.776  	-0.823  	-2.929  	2.430   	2.093   	1.809   	4.133   	-       	
16.962  	-7.806  	-0.949  	-2.147  	2.426   	2.086   	1.806   	4.154   	-       	
17.058  	7.099   	-0.293  	7.861   	2.421   	2.082   	1.805   	0.000   	-       	
17.161  	-11.708 	-3.702  	-1.728  	2.416   	2.081   	1.805   	4.175   	gaze started: StoneWallROI	
17.254  	-5.956  	-1.417  	-0.256  	2.412   	2.081   	1.804   	4.129   	-       	
17.350  	-5.966  	-1.421  	-0.271  	2.409   	2.080   	1.804   	4.196   	-       	
17.446  	-0.818  	-0.524  	-0.842  	2.406   	2.080   	1.805   	4.199   	-       	
17.550  	-0.901  	-0.520  	-0.751  	2.404   	2.079   	1.803   	4.279   	gaze started: CanalROI	
17.648  	7.021   	-0.055  	7.533   	2.402   	2.078   	1.802   	0.000   	-       	
17.751  	-7.514  	-1.137  	-0.168  	2.400   	2.079   	1.801   	4.268   	gaze started: StoneWallROI	
17.850  	-7.539  	-0.934  	-0.342  	2.398   	2.081   	1.801   	4.223   	gaze started: WellROI	
17.950  	-7.550  	-1.115  	-0.414  	2.396   	2.082   	1.801   	4.199   	-       	
18.046  	-7.536  	-1.014  	-0.317  	2.395   	2.083   	1.802   	4.243   	-       	
18.150  	-10.744 	-0.823  	-0.969  	2.393   	2.084   	1.805   	4.226   	-       	
18.238  	-11.426 	-0.507  	-0.076  	2.392   	2.085   	1.808   	4.189   	-       	
18.340  	-11.444 	-0.498  	-0.126  	2.391   	2.085   	1.810   	4.206   	gaze started: StoneWallROI	
18.432  	-10.684 	-0.823  	-1.201  	2.391   	2.085   	1.813   	4.135   	-       	
18.529  	7.153   	-0.481  	8.091   	2.392   	2.086   	1.817   	0.000   	gaze started: WellROI	
18.618  	-11.843 	-3.307  	-2.073  	2.392   	2.085   	1.821   	4.169   	gaze started: StoneWallROI	
18.717  	-11.136 	-3.255  	1.228   	2.392   	2.085   	1.827   	4.216   	-       	
18.811  	7.029   	-0.372  	7.580   	2.390   	2.085   	1.831   	0.000   	-       	
18.894  	-11.665 	-3.513  	-1.555  	2.384   	2.083   	1.834   	4.248   	gaze started: StoneWallROI	
18.987  	-11.110 	-3.930  	1.884   	2.375   	2.083   	1.840   	4.256   	-       	
19.094  	-11.134 	-3.723  	1.308   	2.370   	2.084   	1.846   	3.856   	-       	
19.180  	-11.048 	-3.041  	2.192   	2.364   	2.087   	1.852   	4.315   	-       	
19.306  	6.532   	0.298   	5.521   	2.358   	2.087   	1.854   	0.000   	-       	
19.397  	6.438   	0.316   	5.136   	2.351   	2.095   	1.852   	0.000   	gaze started: StoneWallROI	
19.494  	-11.469 	-3.049  	-0.704  	2.352   	2.094   	1.851   	4.367   	-       	
19.586  	-11.435 	-2.976  	-0.380  	2.356   	2.090   	1.846   	4.397   	-       	
19.683  	-11.796 	-3.077  	-1.917  	2.363   	2.086   	1.839   	4.396   	-       	
19.774  	-7.933  	-1.157  	-3.491  	2.371   	2.082   	1.830   	4.420   	-       	
19.872  	-7.316  	-1.247  	-2.994  	2.384   	2.080   	1.820   	4.399   	-       	
19.966  	-10.646 	-0.823  	-0.579  	2.395   	2.083   	1.808   	4.283   	-       	
20.062  	-12.161 	-0.798  	-3.605  	2.406   	2.086   	1.793   	4.159   	gaze started: WellROI	
20.161  	-12.374 	-0.850  	-2.946  	2.414   	2.088   	1.776   	4.282   	-       	
20.262  	-11.803 	2.004   	-1.262  	2.420   	2.091   	1.759   	4.373   	-       	
20.353  	-12.664 	1.653   	-3.696  	2.427   	2.096   	1.739   	4.251   	gaze started: StoneWallROI	
20.451  	-12.558 	1.589   	-3.394  	2.434   	2.099   	1.719   	4.271   	-       	
20.535  	-11.669 	-0.823  	-3.464  	2.440   	2.101   	1.704   	4.145   	-       	
20.639  	-7.581  	-1.275  	-0.622  	2.445   	2.100   	1.691   	4.305   	gaze started: WellROI	
20.732  	-7.424  	-1.260  	0.438   	2.447   	2.096   	1.682   	4.288   	-       	
20.828  	-12.059 	-3.132  	-2.414  	2.449   	2.092   	1.675   	4.236   	-       	
20.913  	-7.193  	-1.406  	-2.646  	2.452   	2.091   	1.668   	4.321   	-       	
21.029  	-12.298 	0.496   	-2.604  	2.454   	2.094   	1.661   	4.415   	-       	
21.127  	-12.096 	2.079   	-4.266  	2.458   	2.101   	1.651   	4.446   	gaze started: StoneWallROI	
21.218  	-10.168 	2.691   	-5.047  	2.466   	2.114   	1.634   	4.155   	-       	
21.312  	-10.380 	2.523   	-4.891  	2.475   	2.123   	1.617   	4.138   	-       	
21.395  	-9.520  	2.496   	-5.249  	2.483   	2.127   	1.601   	4.064   	-       	
21.492  	-7.727  	1.995   	-5.628  	2.493   	2.129   	1.583   	3.998   	-       	
21.584  	-8.246  	1.560   	-5.502  	2.499   	2.129   	1.568   	3.749   	-       	
21.680  	-5.757  	2.282   	-6.118  	2.507   	2.129   	1.551   	3.553   	-       	
21.774  	-6.113  	2.249   	-5.997  	2.512   	2.127   	1.535   	3.465   	-       	
21.856  	-6.086  	2.270   	-6.006  	2.518   	2.126   	1.521   	3.482   	-       	
21.950  	-3.975  	0.669   	-6.833  	2.523   	2.125   	1.509   	3.627   	-       	
22.033  	-4.872  	0.492   	-6.653  	2.527   	2.124   	1.499   	3.707   	-       	
22.140  	-4.667  	0.526   	-6.647  	2.530   	2.124   	1.490   	3.687   	-       	
22.237  	-4.462  	0.687   	-6.688  	2.534   	2.124   	1.483   	3.805   	-       	
22.328  	-4.624  	0.520   	-6.651  	2.540   	2.124   	1.474   	3.779   	-       	
22.429  	-0.183  	-1.336  	-5.796  	2.546   	2.122   	1.464   	4.069   	-       	
22.527  	-0.561  	-1.153  	-4.816  	2.553   	2.117   	1.454   	4.075   	-       	
22.612  	-0.583  	-0.966  	-5.482  	2.559   	2.110   	1.442   	4.221   	gaze started: CanalROI	
22.739  	-0.585  	-0.957  	-5.524  	2.565   	2.101   	1.430   	4.128   	-       	
22.822  	0.009   	-1.389  	-5.499  	2.567   	2.086   	1.402   	4.139   	-       	
22.916  	-0.625  	-1.350  	-6.725  	2.567   	2.084   	1.399   	4.163   	-       	
23.006  	-0.629  	-1.340  	-6.847  	2.568   	2.075   	1.385   	4.148   	gaze started: CanalROI	
23.094  	-0.596  	-1.176  	-5.875  	2.568   	2.067   	1.373   	4.091   	-       	
23.216  	-0.584  	-0.946  	-5.515  	2.569   	2.060   	1.364   	3.938   	-       	
23.300  	-0.853  	-1.972  	-6.862  	2.565   	2.051   	1.352   	3.942   	-       	
23.394  	-0.573  	-0.972  	-5.179  	2.566   	2.052   	1.354   	3.912   	-       	
23.488  	-0.584  	-1.105  	-5.521  	2.564   	2.051   	1.354   	3.931   	gaze started: CanalROI	
23.583  	-0.597  	-1.190  	-5.888  	2.562   	2.050   	1.354   	3.980   	-       	
23.666  	0.903   	-0.156  	12.261  	2.559   	2.051   	1.355   	0.000   	-       	
23.783  	-0.596  	-1.217  	-5.862  	2.559   	2.051   	1.356   	3.927   	-       	
23.869  	-0.585  	-1.441  	-5.536  	2.565   	2.051   	1.360   	3.966   	gaze started: CanalROI	
23.972  	-0.591  	-1.360  	-5.708  	2.571   	2.053   	1.365   	3.973   	-       	
24.053  	-0.585  	-1.477  	-5.537  	2.566   	2.053   	1.364   	4.053   	-       	
24.139  	-0.569  	-1.030  	-5.069  	2.564   	2.053   	1.363   	4.097   	-       	
24.222  	-0.880  	-2.027  	-6.616  	2.568   	2.056   	1.364   	4.082   	-       	
24.317  	-0.997  	0.100   	11.773  	2.571   	2.057   	1.365   	0.000   	-       	
24.405  	3.330   	-1.976  	-6.319  	2.573   	2.059   	1.366   	4.174   	gaze started: CanalROI	
24.505  	2.977   	-1.790  	-6.819  	2.570   	2.059   	1.364   	4.385   	-       	
24.594  	0.306   	-1.558  	-5.270  	2.568   	2.056   	1.363   	4.333   	-       	
24.682  	1.073   	-1.568  	-4.917  	2.561   	2.055   	1.362   	4.281   	-       	
24.771  	0.560   	-1.621  	-4.857  	2.550   	2.056   	1.363   	4.186   	-       	
24.861  	0.294   	-1.353  	-5.404  	2.533   	2.053   	1.363   	4.488   	-       	
24.954  	-0.663  	-0.627  	-2.911  	2.515   	2.052   	1.368   	4.432   	-       	
25.049  	-0.377  	-1.648  	-4.643  	2.493   	2.056   	1.367   	4.336   	gaze started: CanalROI	
25.135  	0.025   	-1.807  	-4.851  	2.462   	2.061   	1.364   	4.364   	-       	
25.218  	-1.179  	-0.065  	16.866  	2.437   	2.059   	1.363   	0.000   	-       	
25.306  	0.382   	-2.004  	-1.270  	2.414   	2.054   	1.364   	4.366   	-       	
25.404  	0.249   	-1.987  	-1.255  	2.396   	2.053   	1.360   	4.352   	-       	
25.485  	0.398   	-2.003  	-1.284  	2.382   	2.051   	1.357   	4.453   	-       	
25.583  	0.185   	-1.970  	-1.216  	2.371   	2.047   	1.355   	4.410   	-       	
25.670  	0.186   	-1.979  	-1.263  	2.366   	2.046   	1.357   	4.477   	-       	
25.760  	-0.472  	-1.257  	-2.149  	2.360   	2.048   	1.362   	4.423   	-       	
25.851  	-0.465  	-1.252  	-1.953  	2.353   	2.056   	1.367   	4.348   	gaze started: CanalROI	
25.938  	-0.380  	-1.645  	-4.920  	2.348   	2.064   	1.374   	4.365   	-       	
26.032  	-0.933  	-2.136  	-5.763  	2.350   	2.071   	1.377   	3.787   	-       	
26.127  	3.514   	-1.884  	-6.317  	2.353   	2.075   	1.376   	4.308   	-       	
26.214  	2.938   	-1.881  	-6.820  	2.360   	2.072   	1.372   	4.260   	-       	
26.305  	2.619   	-2.195  	-6.894  	2.370   	2.069   	1.364   	4.155   	-       	
26.394  	2.197   	-2.195  	-6.992  	2.383   	2.066   	1.356   	4.212   	gaze started: WellROI	
26.483  	2.179   	-1.257  	-8.315  	2.399   	2.069   	1.340   	4.381   	-       	
26.579  	3.416   	-0.543  	-7.169  	2.416   	2.072   	1.323   	4.377   	-       	
26.672  	3.603   	-0.528  	-6.406  	2.435   	2.074   	1.309   	4.436   	gaze started: StoneWallROI	
26.763  	2.057   	-0.693  	-8.331  	2.457   	2.084   	1.287   	4.324   	-       	
26.862  	3.384   	0.408   	-7.343  	2.480   	2.089   	1.264   	4.296   	-       	
26.947  	3.505   	0.450   	-6.848  	2.501   	2.093   	1.240   	4.244   	gaze started: StoneWallROI	
27.040  	3.786   	1.664   	-9.577  	2.520   	2.104   	1.220   	4.200   	-       	
27.132  	3.812   	1.684   	-9.576  	2.533   	2.111   	1.204   	4.052   	-       	
27.218  	3.794   	1.768   	-9.546  	2.545   	2.114   	1.189   	3.919   	-       	
27.340  	4.026   	1.536   	-8.952  	2.552   	2.116   	1.176   	3.737   	-       	
27.432  	-0.261  	-0.323  	4.162   	2.564   	2.106   	1.155   	0.000   	gaze started: TufaROI	
27.516  	1.716   	-2.195  	-7.130  	2.565   	2.106   	1.155   	3.472   	gaze started: CanalROI	
27.601  	2.551   	-2.195  	-7.051  	2.570   	2.100   	1.143   	3.389   	gaze started: WellROI	
27.694  	3.213   	-1.653  	-6.612  	2.571   	2.097   	1.133   	3.421   	-       	
27.780  	3.798   	-0.920  	-5.592  	2.573   	2.097   	1.121   	3.630   	-       	
27.872  	3.557   	-2.557  	-5.911  	2.574   	2.090   	1.106   	3.466   	gaze started: StoneWallROI	
27.952  	2.715   	-2.195  	-5.636  	2.574   	2.080   	1.087   	3.690   	-       	
28.049  	2.237   	-2.195  	-6.119  	2.572   	2.067   	1.071   	3.855   	gaze started: WellROI	
28.131  	3.238   	-2.195  	-6.248  	2.571   	2.060   	1.060   	3.953   	-       	
28.228  	3.575   	-2.290  	-6.100  	2.567   	2.055   	1.048   	3.902   	-       	
28.316  	3.551   	-2.336  	-6.122  	2.561   	2.055   	1.040   	4.036   	-       	
28.417  	-6.994  	-0.260  	12.530  	2.555   	2.056   	1.036   	0.000   	-       	
28.497  	3.834   	-2.137  	-3.213  	2.551   	2.056   	1.033   	4.065   	gaze started: StoneWallROI	
28.583  	3.175   	-2.268  	-3.218  	2.547   	2.056   	1.031   	4.213   	-       	
28.697  	3.067   	-2.260  	-3.175  	2.544   	2.057   	1.030   	4.236   	-       	
28.796  	-7.207  	-0.358  	11.928  	2.540   	2.058   	1.030   	0.000   	-       	
28.889  	4.416   	0.414   	-3.127  	2.539   	2.060   	1.032   	4.361   	gaze started: StoneWallROI	
28.985  	4.195   	0.223   	-4.019  	2.541   	2.063   	1.037   	4.381   	-       	
29.074  	4.582   	0.662   	-2.460  	2.543   	2.068   	1.043   	4.331   	-       	
29.162  	4.478   	0.497   	-2.876  	2.546   	2.072   	1.049   	4.291   	-       	
29.257  	5.554   	0.894   	-3.002  	2.547   	2.074   	1.055   	4.235   	-       	
29.352  	5.454   	0.840   	-2.817  	2.546   	2.078   	1.060   	4.218   	gaze started: TufaROI	
29.444  	5.542   	2.300   	-3.110  	2.542   	2.084   	1.066   	4.021   	gaze started: StoneWallROI	
29.531  	5.094   	1.994   	-4.833  	2.536   	2.086   	1.070   	4.168   	gaze started: TufaROI	
29.622  	5.162   	1.751   	-4.558  	2.527   	2.085   	1.074   	4.070   	-       	
29.709  	5.404   	1.948   	-3.630  	2.521   	2.081   	1.074   	3.967   	-       	
29.800  	5.465   	1.485   	-3.373  	2.518   	2.077   	1.069   	3.638   	-       	
29.907  	4.552   	0.331   	-2.569  	2.518   	2.078   	1.065   	3.421   	-       	
29.997  	4.275   	-0.029  	-3.682  	2.521   	2.079   	1.058   	3.324   	gaze started: StoneWallROI	
30.084  	4.310   	0.093   	-3.546  	2.527   	2.077   	1.048   	3.194   	-       	
30.208  	5.468   	1.996   	-3.384  	2.535   	2.074   	1.037   	3.418   	-       	
30.291  	5.496   	2.138   	-3.282  	2.567   	2.073   	1.005   	3.397   	gaze started: TufaROI	
30.385  	5.479   	1.850   	-3.332  	2.567   	2.074   	1.002   	3.461   	-       	
30.469  	-6.647  	-1.316  	4.848   	2.584   	2.076   	0.984   	0.000   	-       	
30.562  	4.063   	-0.456  	-4.530  	2.603   	2.077   	0.965   	3.329   	gaze started: WellROI	
30.649  	3.974   	-0.375  	-4.900  	2.620   	2.079   	0.946   	3.332   	gaze started: StoneWallROI	
30.741  	4.055   	-0.271  	-4.571  	2.635   	2.084   	0.927   	3.314   	-       	
30.834  	3.969   	-0.292  	-4.923  	2.650   	2.087   	0.909   	3.414   	-       	
30.918  	-6.994  	-1.316  	5.904   	2.666   	2.088   	0.889   	0.000   	-       	
31.009  	-6.345  	-1.316  	5.861   	2.681   	2.093   	0.867   	0.000   	gaze started: WellROI	
31.107  	1.940   	3.467   	-9.161  	2.693   	2.094   	0.851   	3.998   	-       	
31.190  	2.570   	3.113   	-9.189  	2.705   	2.095   	0.835   	4.040   	-       	
31.284  	2.988   	2.898   	-9.290  	2.714   	2.097   	0.825   	3.964   	-       	
31.369  	3.063   	2.929   	-9.330  	2.722   	2.100   	0.817   	3.871   	-       	
31.463  	3.219   	2.714   	-9.387  	2.729   	2.103   	0.810   	3.685   	-       	
31.554  	3.558   	-1.288  	-6.558  	2.735   	2.104   	0.804   	3.370   	-       	
31.651  	2.871   	-2.191  	-6.853  	2.739   	2.101   	0.794   	3.365   	gaze started: StoneWallROI	
31.736  	2.608   	-2.195  	-7.036  	2.738   	2.095   	0.781   	3.281   	-       	
31.828  	2.578   	-2.195  	-6.712  	2.735   	2.092   	0.768   	3.352   	gaze started: WellROI	
31.921  	2.638   	-2.195  	-6.962  	2.731   	2.092   	0.755   	3.325   	-       	
32.018  	2.166   	0.192   	-8.725  	2.728   	2.090   	0.743   	3.565   	-       	
32.111  	3.480   	0.590   	-6.956  	2.723   	2.089   	0.728   	3.593   	-       	
32.208  	3.558   	1.292   	-9.250  	2.716   	2.089   	0.712   	3.765   	gaze started: StoneWallROI	
32.297  	2.711   	2.449   	-9.240  	2.710   	2.097   	0.688   	3.667   	-       	
32.408  	2.715   	2.356   	-9.236  	2.704   	2.101   	0.668   	3.728   	-       	
32.498  	1.027   	2.521   	-8.639  	2.699   	2.098   	0.650   	3.712   	-       	
32.597  	1.212   	2.495   	-8.881  	2.694   	2.096   	0.634   	3.574   	-       	
32.693  	2.679   	2.221   	-9.209  	2.687   	2.098   	0.625   	3.415   	-       	
32.797  	3.247   	2.107   	-9.472  	2.681   	2.101   	0.615   	3.367   	-       	
32.893  	-0.265  	-0.287  	4.050   	2.675   	2.103   	0.601   	0.000   	-       	
32.995  	-2.255  	-0.969  	-7.344  	2.667   	2.102   	0.585   	3.481   	gaze started: CanalROI	
33.082  	-2.726  	-1.111  	-7.081  	2.659   	2.099   	0.567   	3.377   	-       	
33.173  	-2.639  	-1.013  	-7.196  	2.656   	2.095   	0.544   	3.445   	-       	
33.265  	-2.432  	-0.167  	-7.247  	2.657   	2.096   	0.521   	3.557   	-       	
33.374  	-3.815  	2.028   	-6.796  	2.663   	2.099   	0.496   	3.558   	-       	
33.460  	-2.948  	2.039   	-7.110  	2.674   	2.104   	0.469   	3.710   	-       	
33.563  	-3.724  	2.200   	-6.819  	2.686   	2.106   	0.444   	3.709   	-       	
33.655  	-2.959  	2.124   	-7.314  	2.697   	2.108   	0.425   	3.740   	-       	
33.752  	-3.198  	1.938   	-6.999  	2.707   	2.111   	0.408   	3.698   	-       	
33.847  	-2.970  	2.064   	-7.083  	2.717   	2.114   	0.394   	3.655   	-       	
33.941  	-4.161  	2.101   	-6.679  	2.725   	2.115   	0.384   	3.618   	-       	
34.037  	-3.516  	1.974   	-6.899  	2.732   	2.115   	0.376   	3.681   	-       	
34.130  	-2.992  	1.961   	-7.551  	2.736   	2.115   	0.371   	3.760   	-       	
34.225  	-3.187  	1.934   	-7.003  	2.740   	2.115   	0.367   	3.793   	-       	
34.328  	2.363   	-1.079  	6.578   	2.742   	2.116   	0.365   	0.000   	-       	
34.428  	-4.132  	1.845   	-6.693  	2.745   	2.116   	0.364   	3.751   	gaze started: PebblesROI	
34.530  	-4.122  	1.817   	-6.697  	2.747   	2.116   	0.364   	3.869   	-       	
34.620  	-4.164  	1.675   	-6.694  	2.749   	2.116   	0.364   	3.970   	-       	
34.719  	-9.173  	2.126   	-5.206  	2.750   	2.116   	0.364   	4.137   	-       	
34.817  	-8.862  	2.189   	-5.344  	2.750   	2.116   	0.365   	4.060   	-       	
34.908  	-10.004 	1.969   	-4.938  	2.751   	2.117   	0.367   	4.023   	-       	
35.006  	-9.354  	1.858   	-5.134  	2.750   	2.117   	0.369   	4.033   	-       	
35.096  	-6.548  	-1.383  	-3.560  	2.749   	2.117   	0.370   	4.000   	-       	
35.208  	-5.894  	-1.746  	-2.691  	2.748   	2.117   	0.371   	4.045   	-       	
35.295  	-5.956  	-1.677  	-2.678  	2.746   	2.116   	0.372   	4.066   	-       	
35.392  	-6.188  	-1.486  	-2.815  	2.743   	2.115   	0.372   	4.096   	-       	
35.495  	-6.224  	-1.444  	-3.727  	2.740   	2.114   	0.371   	3.992   	-       	
35.584  	4.810   	-1.068  	6.719   	2.732   	2.109   	0.370   	0.000   	-       	
35.684  	6.857   	-1.993  	8.916   	2.719   	2.104   	0.374   	0.000   	gaze started: PebblesROI	
35.776  	-0.757  	-0.393  	1.803   	2.707   	2.097   	0.383   	4.096   	-       	
35.884  	-0.878  	-0.411  	1.448   	2.696   	2.085   	0.396   	4.129   	gaze started: CanalROI	
35.985  	-0.692  	-0.405  	1.574   	2.690   	2.075   	0.410   	4.008   	-       	
36.085  	-0.326  	-0.662  	2.231   	2.692   	2.069   	0.427   	4.109   	-       	
36.186  	-0.096  	-1.876  	3.737   	2.690   	2.067   	0.440   	4.335   	-       	
36.283  	0.113   	-1.892  	3.955   	2.689   	2.065   	0.454   	4.230   	-       	
36.383  	0.024   	-1.880  	3.796   	2.688   	2.066   	0.470   	4.091   	-       	
36.485  	-0.951  	-0.223  	5.244   	2.685   	2.069   	0.487   	4.235   	-       	
36.578  	-0.758  	-0.240  	4.894   	2.678   	2.071   	0.507   	4.024   	gaze started: CanalROI	
36.674  	-0.729  	-0.240  	4.890   	2.671   	2.072   	0.524   	4.007   	-       	
36.777  	-0.760  	-0.245  	4.801   	2.663   	2.071   	0.539   	3.903   	-       	
36.873  	-5.365  	-2.250  	12.122  	2.655   	2.070   	0.551   	3.933   	-       	
37.006  	-1.014  	-0.198  	5.760   	2.648   	2.072   	0.565   	3.861   	-       	
37.103  	-1.381  	-0.128  	7.176   	2.630   	2.075   	0.596   	3.901   	gaze started: CanalROI	
37.196  	-1.432  	-0.164  	6.457   	2.627   	2.071   	0.598   	3.810   	-       	
37.292  	-1.367  	-0.162  	6.495   	2.618   	2.065   	0.607   	3.701   	-       	
37.396  	-0.601  	-0.174  	6.227   	2.609   	2.066   	0.609   	3.670   	-       	
37.490  	-0.276  	-0.550  	3.728   	2.598   	2.070   	0.610   	3.600   	-       	
37.595  	-0.277  	-0.368  	3.699   	2.588   	2.074   	0.608   	3.603   	-       	
37.690  	-0.277  	-0.407  	3.687   	2.578   	2.078   	0.605   	3.645   	gaze fixated: CanalROI	
37.797  	6.108   	0.978   	-0.058  	2.570   	2.078   	0.604   	0.000   	-       	
37.901  	1.512   	-1.135  	5.469   	2.563   	2.078   	0.605   	3.627   	gaze started: StoneWallROI	
37.995  	1.686   	-1.143  	5.299   	2.561   	2.078   	0.609   	3.622   	gaze started: PebblesROI	
38.094  	1.746   	-1.148  	5.209   	2.560   	2.077   	0.612   	3.700   	-       	
38.195  	0.812   	-1.158  	5.034   	2.562   	2.076   	0.613   	3.624   	-       	
38.292  	5.973   	0.988   	-1.384  	2.565   	2.077   	0.615   	0.000   	-       	
38.395  	3.951   	-1.105  	6.001   	2.572   	2.076   	0.616   	3.771   	gaze started: TufaROI	
38.493  	4.144   	-1.120  	5.695   	2.579   	2.075   	0.614   	3.736   	gaze started: PebblesROI	
38.584  	3.852   	-1.127  	5.567   	2.587   	2.072   	0.610   	3.682   	-       	
38.683  	6.298   	-2.035  	6.211   	2.593   	2.071   	0.606   	3.905   	-       	
38.774  	6.153   	-2.038  	6.327   	2.598   	2.070   	0.601   	3.861   	-       	
38.873  	5.020   	-1.151  	5.030   	2.602   	2.070   	0.597   	3.692   	-       	
38.984  	6.527   	-1.516  	5.575   	2.606   	2.070   	0.593   	3.658   	gaze started: PebblesROI	
39.072  	6.528   	-1.578  	5.583   	2.610   	2.069   	0.587   	3.512   	gaze started: StoneWallROI	
39.174  	6.565   	0.207   	5.658   	2.614   	2.069   	0.581   	3.627   	-       	
39.263  	6.471   	0.341   	5.270   	2.615   	2.071   	0.578   	3.619   	-       	
39.386  	4.115   	0.719   	-5.214  	2.613   	2.074   	0.577   	0.000   	-       	
39.475  	7.403   	-0.270  	11.392  	2.613   	2.080   	0.580   	3.435   	-       	
39.585  	5.256   	-0.185  	11.051  	2.614   	2.090   	0.588   	3.488   	-       	
39.681  	1.303   	-0.153  	12.153  	2.621   	2.096   	0.600   	3.453   	-       	
39.775  	-3.338  	-0.984  	13.175  	2.636   	2.101   	0.618   	3.425   	-       	
39.872  	-0.009  	-0.548  	11.703  	2.653   	2.105   	0.637   	3.224   	-       	
39.964  	-3.471  	-0.909  	13.255  	2.671   	2.107   	0.655   	3.148   	gaze started: CanalROI	
40.060  	-1.242  	-0.026  	9.245   	2.692   	2.108   	0.674   	3.121   	-       	
40.164  	-0.867  	-0.001  	9.730   	2.711   	2.110   	0.689   	3.172   	gaze started: CanalROI	
40.256  	-45.489 	-0.497  	123.054 	2.732   	2.113   	0.704   	3.136   	-       	
40.352  	-49.158 	-3.064  	122.167 	2.751   	2.115   	0.716   	3.066   	-       	
40.450  	-43.575 	0.428   	123.604 	2.766   	2.113   	0.723   	3.060   	-       	
40.541  	-6.081  	-1.272  	6.745   	2.776   	2.113   	0.722   	3.047   	-       	
40.639  	-4.908  	-1.216  	8.276   	2.784   	2.114   	0.716   	2.788   	-       	
40.730  	-4.904  	-1.342  	7.949   	2.789   	2.114   	0.707   	2.773   	-       	
40.819  	-5.941  	-1.889  	9.570   	2.794   	2.114   	0.692   	2.782   	-       	
40.917  	-6.423  	-2.016  	10.876  	2.797   	2.115   	0.678   	2.807   	-       	
41.004  	-0.317  	-0.740  	2.498   	2.800   	2.115   	0.662   	3.020   	-       	
41.107  	-0.315  	-0.650  	2.556   	2.803   	2.112   	0.644   	3.163   	gaze started: CanalROI	
41.200  	-0.323  	-0.624  	2.322   	2.805   	2.107   	0.629   	3.258   	-       	
41.296  	-0.315  	-0.624  	2.559   	2.806   	2.102   	0.614   	3.331   	-       	
41.393  	-1.207  	-2.470  	1.468   	2.805   	2.095   	0.601   	3.396   	-       	
41.494  	-1.377  	-2.445  	1.752   	2.804   	2.088   	0.590   	3.587   	-       	
41.593  	-0.358  	-0.987  	1.253   	2.804   	2.081   	0.577   	3.616   	-       	
41.706  	-0.401  	-0.696  	-0.032  	2.803   	2.075   	0.563   	3.685   	gaze started: CanalROI	
41.806  	-0.586  	-0.523  	-0.831  	2.802   	2.069   	0.547   	3.725   	-       	
41.906  	-0.847  	-0.499  	-0.323  	2.803   	2.065   	0.530   	3.610   	-       	
42.001  	0.009   	0.079   	0.001   	2.806   	2.063   	0.516   	3.731   	-       	
42.096  	0.016   	0.078   	0.008   	2.810   	2.064   	0.505   	3.671   	-       	
42.191  	-0.983  	-0.491  	-0.166  	2.814   	2.066   	0.497   	3.653   	-       	
42.295  	-0.438  	-0.610  	-1.128  	2.816   	2.068   	0.491   	3.642   	gaze started: CanalROI	
42.400  	-0.419  	-0.541  	-0.557  	2.818   	2.072   	0.486   	3.764   	-       	
42.506  	-0.509  	-0.513  	-0.618  	2.823   	2.076   	0.481   	3.746   	-       	
42.603  	-0.554  	-0.514  	-0.642  	2.831   	2.076   	0.474   	3.698   	-       	
42.706  	0.122   	-2.158  	-2.772  	2.837   	2.075   	0.468   	3.628   	-       	
42.810  	-0.208  	-2.158  	-2.549  	2.845   	2.073   	0.458   	3.735   	-       	
42.905  	-1.364  	-2.592  	-1.940  	2.856   	2.069   	0.444   	3.688   	-       	
42.999  	1.381   	-1.970  	-3.225  	2.872   	2.060   	0.425   	3.787   	-       	
43.105  	1.045   	-2.053  	-3.057  	2.884   	2.058   	0.412   	3.757   	-       	
43.204  	0.833   	-2.109  	-2.980  	2.893   	2.059   	0.405   	3.757   	-       	
43.295  	2.730   	-2.195  	-4.808  	2.900   	2.060   	0.407   	3.945   	-       	
43.391  	3.572   	-3.028  	-5.829  	2.908   	2.062   	0.415   	4.032   	gaze started: WellROI	
43.495  	3.369   	-2.195  	-4.801  	2.911   	2.065   	0.426   	3.946   	-       	
43.593  	2.908   	-2.195  	-5.126  	2.914   	2.064   	0.445   	3.920   	gaze started: WellROI	
43.695  	3.389   	-2.195  	-4.922  	2.919   	2.062   	0.469   	3.872   	-       	
43.783  	3.984   	-2.286  	-4.171  	2.921   	2.061   	0.495   	3.819   	-       	
43.906  	3.583   	-2.323  	-4.252  	2.920   	2.062   	0.523   	3.878   	-       	
43.995  	3.473   	-2.323  	-4.209  	2.919   	2.063   	0.550   	3.910   	-       	
44.096  	-4.923  	0.100   	8.248   	2.921   	2.062   	0.584   	0.000   	-       	
44.191  	4.348   	-0.934  	-3.345  	2.922   	2.064   	0.607   	3.956   	-       	
44.295  	4.277   	-1.127  	-3.628  	2.922   	2.067   	0.631   	3.752   	gaze started: StoneWallROI	
44.390  	4.561   	0.496   	-2.540  	2.923   	2.067   	0.651   	3.475   	-       	
44.496  	4.533   	0.523   	-2.655  	2.926   	2.068   	0.669   	3.500   	-       	
44.585  	4.625   	0.616   	-2.281  	2.928   	2.072   	0.686   	3.589   	-       	
44.707  	-7.982  	-1.150  	7.234   	2.931   	2.075   	0.700   	0.000   	-       	
44.804  	1.446   	-2.050  	-6.912  	2.930   	2.078   	0.706   	3.753   	-       	
44.895  	2.436   	-2.195  	-6.236  	2.924   	2.082   	0.710   	3.854   	-       	
44.990  	2.555   	-2.195  	-6.341  	2.917   	2.084   	0.709   	3.927   	gaze started: WellROI	
45.084  	2.880   	-2.195  	-6.225  	2.909   	2.087   	0.705   	3.784   	-       	
45.194  	3.008   	-2.190  	-6.727  	2.903   	2.089   	0.700   	3.661   	-       	
45.294  	2.871   	-2.195  	-6.693  	2.900   	2.090   	0.697   	3.524   	-       	
45.389  	3.186   	-1.599  	-6.807  	2.899   	2.090   	0.690   	3.456   	gaze started: WellROI	
45.485  	3.858   	1.203   	-9.292  	2.899   	2.095   	0.676   	3.619   	-       	
45.618  	4.095   	1.175   	-8.668  	2.902   	2.104   	0.659   	3.518   	-       	
45.716  	2.730   	1.637   	-9.358  	2.923   	2.115   	0.625   	3.432   	gaze started: TufaROI	
45.808  	4.273   	1.476   	-7.990  	2.925   	2.116   	0.620   	3.384   	-       	
45.905  	0.108   	-1.022  	-7.943  	2.939   	2.120   	0.596   	3.214   	gaze started: TufaROI	
46.007  	0.774   	-0.683  	-8.248  	2.952   	2.121   	0.572   	3.218   	-       	
46.095  	2.852   	1.978   	0.100   	2.966   	2.118   	0.542   	3.191   	-       	
46.185  	2.935   	1.836   	0.100   	2.979   	2.108   	0.513   	3.320   	-       	
46.274  	2.945   	1.850   	0.100   	2.988   	2.099   	0.487   	3.389   	-       	
